0.00	75.0000	75.0000	75.0000	75.0000	75.0000	75.0000	75.0000	75.0000	75.0000	75.0000	75.0000	75.0000
0.50	74.8411	74.8202	74.8631	74.8585	74.7325	74.8024	75.0023	75.0356	74.8843	74.8374	74.8687	74.2186
1.00	74.3515	74.1404	74.0832	74.0042	73.1049	73.3218	74.4420	74.7016	74.5771	74.5101	73.9118	72.6264
1.50	73.1295	72.3779	71.8731	71.5790	68.3230	68.9073	72.4174	73.3149	73.2465	73.2814	70.8512	68.5098
2.00	67.8649	66.2366	68.0180	67.3190	60.5113	61.7365	65.0757	66.9867	70.5018	70.8477	65.3960	61.1840
2.50	51.7131	49.7163	62.7140	61.3891	51.2901	53.3424	45.6790	47.9584	66.3099	67.3312	58.5868	51.5203
3.00	31.1214	29.9454	56.3119	54.0996	42.2425	44.8694	23.1255	24.3347	60.4529	62.8781	50.7648	40.8372
3.50	18.7478	18.4249	49.2440	45.9098	34.7147	36.8285	10.8209	10.7973	52.6327	57.4330	41.4135	31.9095
4.00	12.9751	12.8043	41.9546	37.4758	29.0655	29.8223	6.0017	5.1731	43.4340	51.0962	31.9720	26.5471
4.50	9.6091	8.8289	34.8419	29.4269	24.4570	24.0306	3.5520	2.6243	34.0959	44.5111	24.0454	22.6495
