1.000	-1.288747	3.387885
1.125	-0.727466	2.589201
1.250	-0.429603	2.087021
1.250	-0.416042	2.125594
1.375	-0.257428	1.840280
1.500	-0.175059	1.648337
1.500	-0.144861	1.645540
1.625	-0.094967	1.520105
1.750	-0.070544	1.430195
1.750	-0.044988	1.420567
1.875	-0.029091	1.356063
2.000	-0.022595	1.307282
2.000	-0.003589	1.298139
2.125	0.001539	1.260068
2.250	0.002248	1.230484
2.250	0.016024	1.223054
2.375	0.018408	1.197522
2.500	0.017422	1.177982
2.500	0.027606	1.171973
2.625	0.030099	1.152811
2.750	0.028875	1.139042
2.750	0.036863	1.133835
2.875	0.040446	1.118085
3.000	0.039498	1.107919
3.000	0.046381	1.102900
3.125	0.051383	1.089009
3.250	0.050859	1.081290
3.250	0.057484	1.075924
3.375	0.064058	1.062968
3.500	0.063949	1.057088
3.500	0.070995	1.050897
3.625	0.079326	1.038216
3.750	0.079538	1.033904
3.750	0.087607	1.026423
3.875	0.097999	1.013437
4.000	0.098379	1.010660
4.000	0.108090	1.001364
4.125	0.121013	0.987473
4.250	0.121361	0.986398
4.250	0.133460	0.974613
4.375	0.149588	0.959123
4.500	0.149684	0.960089
4.500	0.165227	0.944858
4.625	0.185431	0.926941
4.750	0.185169	0.930397
4.750	0.205899	0.910150
4.875	0.231118	0.888906
5.000	0.230966	0.895121
