1.00	-1.207163	3.405247
1.25	-0.416053	2.207895
1.50	-0.181196	1.675884
1.50	-0.112002	1.675651
1.75	-0.047449	1.474898
2.00	-0.039378	1.363515
2.00	0.002096	1.345024
2.25	0.005134	1.279630
2.50	-0.005164	1.241706
2.50	0.011589	1.234255
2.75	0.014761	1.197794
3.00	0.002870	1.183849
3.00	0.008578	1.181309
3.25	0.020545	1.151118
3.50	0.009344	1.148388
3.50	0.009450	1.147403
3.75	0.036177	1.114150
4.00	0.025630	1.119427
4.00	0.019490	1.119866
4.25	0.074311	1.075696
4.50	0.062776	1.091624
4.50	0.047147	1.094931
4.75	0.161642	1.028006
5.00	0.149702	1.062482
